60 0.142 0.092 0.088 0.775
−2.598 0.999 0.021 20410 88
80 0.169 0.093 0.040 0.701
−2.664 0.999 0.025 14885 96
100 0.192 0.087 0 0.640
−2.737 0.999 0.030 19522 117
120 0.198 0.088 0 0.588
−2.815 0.999 0.039 13321 121
140 0.200 0.097 0 0.528
−2.812 0.999 0.033 13486 104
160 0.169 0.061 0 0.430
−1.977 0.999 0.026 15980 116
180 0.180 0.054 0 0.389
−1.982 0.999 0.026 21844 140
200 0.175 0.051 0 0.350
−1.962 0.999 0.026 31552 162
220 0.190 0.054 0 0.339
−2.016 0.999 0.031 27948 167
240 0.187 0.044 0 0.291
−1.991 0.999 0.029 31109 171
260 0.199 0.037 0 0.263
−2.002 0.998 0.039 10360 113
(0.007) (0.011) (0.002) (0.015)